1 4
19 4
23 4
33 4
35 4
61 4
66 4
68 4
106 4
126 4
139 4
168 4
176 4
194 4
201 4
229 4
249 4
256 4
257 4
258 4
261 4
265 4
277 4
283 4
317 4
328 4
379 4
390 4
417 4
437 4
463 4
477 4
488 4
498 4
516 4
536 4
555 4
557 4
606 4
609 4
626 4
653 4
659 4
663 4
672 4
674 4
692 4
697 4
707 4
715 4
721 4
759 4
770 4
826 4
839 4
889 4
900 4
903 4
918 4
926 4
943 4
957 4
963 4
969 4
970 4
975 4
32 6
65 6
67 6
105 6
200 6
256 6
282 6
389 6
416 6
436 6
487 6
497 6
605 6
608 6
652 6
658 6
662 6
714 6
888 6
942 6
435 8
486 8
651 8
657 8
661 8
887 8
941 8
485 10
650 10
886 10
940 10
